Environment: data/pr2test2.env.xml
Num Landmarks: 8
Landmarks: 
[[ 3 -3  0  0 -3  3 -3  3]
 [ 0  0  2 -2  2  2 -2 -2]]
Alphas: 
6.25e-08 6.25e-06 6.25e-06 6.25e-06 
Sensor Noise Variance: 0.04000000000000001
Initial Covariance: 
[[0.001 0.    0.   ]
 [0.    0.001 0.   ]
 [0.    0.    0.001]]
---------------------------------
NumSimulations: 200
Num Samples: 10000
Num Gaussians: 1
Simulation Times: 
[100.696936, 83.125538, 75.37627499999999, 71.38491499999998, 74.76574599999998, 71.12758400000001, 70.40983799999998, 72.52950999999996, 69.66914400000007, 70.04996400000005, 71.070783, 70.21750199999997, 70.752385, 71.09633699999995, 70.663996, 70.32743600000003, 70.54141699999991, 69.90487200000007, 72.15861999999993, 71.36612799999989, 70.81781299999989, 70.84365100000014, 71.40444000000002, 70.71712000000002, 70.513643, 70.75726400000008, 71.09401200000002, 71.073756, 69.30646300000012, 71.24805699999979, 70.8131870000002, 71.52478500000007, 73.46216400000003, 71.2668779999999, 71.5920470000001, 70.67737399999987, 70.49317999999994, 70.43960800000013, 71.08209899999974, 70.25768700000026, 71.77003700000023, 73.20293999999967, 70.83501799999976, 70.57006000000001, 71.0626129999996, 69.991806, 70.61349300000029, 70.66625900000008, 70.24150400000008, 70.9336000000003, 70.83787699999993, 75.44109499999968, 71.22388899999987, 70.46195099999977, 70.8251949999999, 70.47803900000008, 70.8088459999999, 70.9823809999998, 71.04290500000025, 71.29843600000004, 70.7353549999998, 71.17219600000044, 72.07520999999997, 71.40675899999951, 74.02791499999967, 69.37490499999967, 77.71577999999954, 74.4750780000004, 72.70916299999953, 83.21095700000023, 73.6933369999997, 72.72754299999997, 72.16063899999972, 72.92802800000027, 73.19227299999966, 72.20201699999961, 72.4534509999994, 72.09418200000073, 71.56447800000024, 71.99754800000028, 71.80544800000007, 70.37363600000026, 71.87227299999995, 71.70097999999962, 71.548992, 72.61686000000009, 70.90470099999948, 73.21931599999971, 73.95809100000042, 73.79112799999984, 75.00952200000029, 73.24625699999979, 72.7640309999997, 77.00565499999993, 71.5867330000001, 72.1367250000003, 72.59893700000066, 71.15819499999998, 72.52831200000037, 73.02930099999958, 72.33667499999956, 76.12365399999999, 72.19022399999994, 72.71486499999992, 77.62169199999971, 79.45125499999995, 72.38242099999934, 73.57437100000061, 71.60812100000021, 74.44974900000034, 76.6205460000001, 72.57087200000024, 72.1425879999997, 71.50682700000107, 73.19060399999944, 72.50773599999957, 73.29551300000094, 73.86871900000006, 71.85867900000085, 72.17705500000011, 71.65294500000164, 73.2788789999995, 72.89128199999868, 72.5446379999994, 73.41529599999922, 76.49590199999875, 71.71693500000038, 72.04032000000007, 73.26981599999999, 77.04988700000104, 73.47723299999961, 72.59649499999978, 74.85382899999968, 76.39196999999876, 72.57705600000008, 72.23705899999914, 71.89871700000003, 71.8031460000002, 72.52668300000005, 74.35554000000047, 72.66537600000083, 72.89805200000046, 72.99500700000135, 71.12353199999961, 74.69207300000016, 70.627837, 70.0929699999997, 70.19197399999939, 70.04777599999943, 70.22795799999949, 69.96515900000122, 80.35278800000015, 74.12858400000005, 78.08289299999888, 72.31072399999903, 74.0021140000008, 74.73387100000036, 74.45145600000069, 72.54593999999997, 74.61690799999997, 72.48710299999948, 79.22971300000063, 80.60103600000002, 73.1253429999997, 78.50681599999916, 70.32166700000016, 70.84000800000103, 70.84493499999917, 70.90676800000074, 70.62474400000065, 70.81800800000019, 70.32211300000017, 70.48401899999953, 71.42852099999982, 71.25148399999853, 73.92678899999919, 72.61017899999933, 74.85694599999988, 71.99853400000029, 72.3265250000004, 72.18413999999939, 70.5297329999994, 70.6636980000003, 70.37389299999995, 70.82870999999977, 71.3054749999992, 70.47972600000139, 70.03178299999854, 70.04423099999985, 70.76826400000027, 70.23289199999999, 71.52889300000061, 70.87400799999887, 70.7580969999999, 71.53764799999954, 70.78645700000015, 71.90457600000082, 71.18526700000075, 72.59011499999906, 84.93699599999854]
Collision Proportions: 
[0.5287615556706088, 0.5283097059114797, 0.6003348221299376, 0.6846489673255604, 0.7387541737827701, 0.6235612976907805, 0.6247442901447653, 0.6113928951072114, 0.5300709964787731, 0.7205163791598475, 0.6572313378699088, 0.539329654585028, 0.6411578814708625, 0.6475677905872277, 0.6686514068204421, 0.7288974188911023, 0.6852654769332449, 0.6111504414348103, 0.6074262662500587, 0.5628326490193803, 0.6707907641636424, 0.7102205002384003, 0.5268597356864863, 0.5450968774874032, 0.6105286473737375, 0.7015065521800387, 0.6063758994430635, 0.6120394972423463, 0.5950515798151561, 0.653761443971443, 0.7713539891159735, 0.6552272191282216, 0.5765591751539021, 0.5313299254667944, 0.5725433490674208, 0.629294465629892, 0.6652567632212784, 0.6476445696252551, 0.6448680857173292, 0.7777207027126845, 0.6487951406514556, 0.5278253238850719, 0.5011748131628935, 0.5779030083073019, 0.6562644075090356, 0.6433418586042285, 0.5756916241330912, 0.5694990766212287, 0.5796782844467466, 0.6333754372321374, 0.6117566841288536, 0.6347641113762212, 0.580857074138329, 0.6701097678213792, 0.5295554653894468, 0.7384869622854474, 0.6211811654661505, 0.6399931605183329, 0.6075956356702487, 0.5847868162570304, 0.5893089214858641, 0.5055055264919983, 0.7767239189550128, 0.5765120211981104, 0.569800799089416, 0.5734506750251875, 0.6075924242627702, 0.6149070240714134, 0.6482199191815995, 0.5922877493355585, 0.5722459194678442, 0.6522446545433601, 0.7336340439896483, 0.5543744482682686, 0.6496548167526836, 0.4807588520436239, 0.6571406570702782, 0.6561884239434308, 0.6297431460394691, 0.6166023373212162, 0.6077112788642152, 0.6918012503584463, 0.6939822437613572, 0.637166308725394, 0.7418055038093596, 0.6997814004912225, 0.6538276297659944, 0.6051353344837663, 0.5912585381970468, 0.6964582156946375, 0.7400964266529648, 0.6969151537409544, 0.6257829811067512, 0.6759937836525773, 0.5914733421964572, 0.4652671739851652, 0.6033062438752546, 0.7485951045034803, 0.5615521275633796, 0.6460595245764533, 0.6567000382512835, 0.6221284508611442, 0.678656620928163, 0.677331586532431, 0.6676108772623242, 0.604300771497883, 0.6012320196965597, 0.5627577926495368, 0.5434746374487406, 0.8098657041956548, 0.6261479574103979, 0.580656079517825, 0.5934551273954427, 0.6124219960064303, 0.6773599861495425, 0.6009615893844888, 0.6502868345856444, 0.7929826675938382, 0.7427678273725207, 0.6283610241373866, 0.732250902312678, 0.5147104794219991, 0.5476864207692007, 0.5892451441173849, 0.5672871218287097, 0.5658221026331174, 0.5870419977345074, 0.5718013474171983, 0.5906391363104646, 0.5714397232403408, 0.6396067865664761, 0.5747505584070784, 0.5720405720651014, 0.7830119451936433, 0.6623822232142121, 0.6295014766704364, 0.7575235000708482, 0.6739766763172925, 0.5339460471461981, 0.6005944217514749, 0.6601039496134797, 0.6687540172850936, 0.8508673263435849, 0.5914893525953733, 0.6647750157938369, 0.5991122664308965, 0.6506133458418584, 0.7105878956153254, 0.6216214004905811, 0.571659155536685, 0.6590791039505001, 0.5763719961342341, 0.6404103755954553, 0.6410439345487589, 0.5885516510457194, 0.658165509582922, 0.6514869968411554, 0.6000878105750902, 0.6532744079667888, 0.6827260081579153, 0.5392992224682103, 0.6509341210459055, 0.7114984593407018, 0.6232998662042248, 0.6230164012318904, 0.7644840595216101, 0.6758565871765079, 0.6625368425099019, 0.5950177583694838, 0.6583199784703196, 0.7193733956219701, 0.7907320955936407, 0.6262870354010205, 0.6408160219985107, 0.5602836168296538, 0.6262599109414597, 0.5832320990791192, 0.7699081736222619, 0.8285346594542276, 0.6265368380218257, 0.6550214626140453, 0.7280945823334071, 0.6310291550243075, 0.6613964055916868, 0.6636406162766388, 0.6490224432023011, 0.691536665404715, 0.5981482424312666, 0.6984706852013068, 0.6962257237001243, 0.8011261795037873, 0.5533638378055017, 0.6687703203593713, 0.6260142889735594, 0.5712411412997978, 0.5773511123889171, 0.615797808824662, 0.6590109430204231, 0.8247165293492709, 0.6977148306225468]
Average Sim Time: 72.57877321999996
Average Prob Collision: 0.6364377831034573
---------------------------------
Trajectory: 
[[-3.4        -1.4        -0.        ]
 [-3.3        -1.35        0.        ]
 [-3.15       -1.35        0.        ]
 [-3.         -1.35        0.        ]
 [-2.85       -1.35        0.        ]
 [-2.7        -1.35        0.        ]
 [-2.55       -1.35        0.        ]
 [-2.4        -1.35        0.        ]
 [-2.25       -1.35        0.        ]
 [-2.1        -1.35        0.        ]
 [-1.95       -1.35        0.        ]
 [-1.8        -1.35        0.        ]
 [-1.65       -1.35        0.        ]
 [-1.5        -1.35        0.        ]
 [-1.35       -1.35        0.        ]
 [-1.2        -1.35        0.        ]
 [-1.05       -1.35        0.        ]
 [-0.9        -1.35        0.        ]
 [-0.75       -1.35        0.        ]
 [-0.6        -1.2         0.        ]
 [-0.45       -1.05        0.        ]
 [-0.3        -0.9         0.        ]
 [-0.15       -0.75        0.        ]
 [ 0.         -0.6         0.        ]
 [ 0.15       -0.45        0.        ]
 [ 0.3        -0.3         1.57079633]
 [ 0.3        -0.15        1.57079633]
 [ 0.3         0.          1.57079633]
 [ 0.3         0.15        1.57079633]
 [ 0.3         0.3         1.57079633]
 [ 0.3         0.45        1.57079633]
 [ 0.3         0.6         1.57079633]
 [ 0.3         0.75        1.57079633]
 [ 0.3         0.9         1.57079633]
 [ 0.45        1.05        1.57079633]
 [ 0.6         1.05        1.57079633]
 [ 0.75        1.05        1.57079633]
 [ 0.9         1.05        1.57079633]
 [ 1.05        1.05        1.57079633]
 [ 1.2         1.05        1.57079633]
 [ 1.35        0.9         1.57079633]
 [ 1.5         0.75        1.57079633]
 [ 1.65        0.6         1.57079633]
 [ 1.8         0.45        1.57079633]
 [ 1.8         0.3         1.57079633]
 [ 1.8         0.15        1.57079633]
 [ 1.95        0.          1.57079633]
 [ 1.95       -0.15        1.57079633]
 [ 2.1        -0.3         1.57079633]
 [ 2.1        -0.45        1.57079633]
 [ 2.25       -0.6         1.57079633]
 [ 2.25       -0.75        1.57079633]
 [ 2.4        -0.9         1.57079633]
 [ 2.4        -1.05        0.        ]
 [ 2.55       -1.2         0.        ]
 [ 2.6        -1.3        -1.57079633]]
Odometry: 
[[0.46364761 0.1118034  5.8195377 ]
 [0.         0.15       0.        ]
 [0.         0.15       0.        ]
 [0.         0.15       0.        ]
 [0.         0.15       0.        ]
 [0.         0.15       0.        ]
 [0.         0.15       0.        ]
 [0.         0.15       0.        ]
 [0.         0.15       0.        ]
 [0.         0.15       0.        ]
 [0.         0.15       0.        ]
 [0.         0.15       0.        ]
 [0.         0.15       0.        ]
 [0.         0.15       0.        ]
 [0.         0.15       0.        ]
 [0.         0.15       0.        ]
 [0.         0.15       0.        ]
 [0.         0.15       0.        ]
 [0.78539816 0.21213203 5.49778714]
 [0.78539816 0.21213203 5.49778714]
 [0.78539816 0.21213203 5.49778714]
 [0.78539816 0.21213203 5.49778714]
 [0.78539816 0.21213203 5.49778714]
 [0.78539816 0.21213203 5.49778714]
 [0.78539816 0.21213203 0.78539816]
 [0.         0.15       0.        ]
 [0.         0.15       0.        ]
 [0.         0.15       0.        ]
 [0.         0.15       0.        ]
 [0.         0.15       0.        ]
 [0.         0.15       0.        ]
 [0.         0.15       0.        ]
 [0.         0.15       0.        ]
 [5.49778714 0.21213203 0.78539816]
 [4.71238898 0.15       1.57079633]
 [4.71238898 0.15       1.57079633]
 [4.71238898 0.15       1.57079633]
 [4.71238898 0.15       1.57079633]
 [4.71238898 0.15       1.57079633]
 [3.92699082 0.21213203 2.35619449]
 [3.92699082 0.21213203 2.35619449]
 [3.92699082 0.21213203 2.35619449]
 [3.92699082 0.21213203 2.35619449]
 [3.14159265 0.15       3.14159265]
 [3.14159265 0.15       3.14159265]
 [3.92699082 0.21213203 2.35619449]
 [3.14159265 0.15       3.14159265]
 [3.92699082 0.21213203 2.35619449]
 [3.14159265 0.15       3.14159265]
 [3.92699082 0.21213203 2.35619449]
 [3.14159265 0.15       3.14159265]
 [3.92699082 0.21213203 2.35619449]
 [3.14159265 0.15       1.57079633]
 [5.49778714 0.21213203 0.78539816]
 [5.17603659 0.1118034  5.8195377 ]]
