Environment: data/pr2test2.env.xml
Num Landmarks: 8
Landmarks: 
[[ 3 -3  0  0 -3  3 -3  3]
 [ 0  0  2 -2  2  2 -2 -2]]
Alphas: 
6.25e-08 6.25e-06 6.25e-06 6.25e-06 
Sensor Noise Variance: 0.04000000000000001
Initial Covariance: 
[[0.001 0.    0.   ]
 [0.    0.001 0.   ]
 [0.    0.    0.001]]
---------------------------------
NumSimulations: 10
Num Particles: 700
Simulation Times: 
[240.125985, 232.38311199999998, 265.004054, 279.66149499999995, 252.01852599999995, 246.98889200000008, 247.0558699999999, 246.43024800000012, 275.89352799999983, 253.1532940000002]
Collision Proportions: 
[0.8785714285714286, 0.9214285714285714, 0.9142857142857143, 0.9314285714285714, 0.9771428571428571, 1.0, 0.9671428571428572, 0.8842857142857142, 0.9357142857142857, 0.9457142857142857]
Average Sim Time: 253.8715004
Average Prob Collision: 0.9355714285714285
---------------------------------
Trajectory: 
[[-3.4        -1.4        -0.        ]
 [-3.3        -1.35        0.        ]
 [-3.15       -1.35        0.        ]
 [-3.         -1.35        0.        ]
 [-2.85       -1.35        0.        ]
 [-2.7        -1.35        0.        ]
 [-2.55       -1.35        0.        ]
 [-2.4        -1.35        0.        ]
 [-2.25       -1.35        0.        ]
 [-2.1        -1.35        0.        ]
 [-1.95       -1.35        0.        ]
 [-1.8        -1.35        0.        ]
 [-1.65       -1.35        0.        ]
 [-1.5        -1.35        0.        ]
 [-1.35       -1.35        0.        ]
 [-1.2        -1.35        0.        ]
 [-1.05       -1.35        0.        ]
 [-0.9        -1.35        0.        ]
 [-0.75       -1.35        0.        ]
 [-0.6        -1.2         0.        ]
 [-0.45       -1.05        0.        ]
 [-0.3        -0.9         0.        ]
 [-0.15       -0.75        0.        ]
 [ 0.         -0.6         0.        ]
 [ 0.15       -0.45        0.        ]
 [ 0.3        -0.3         1.57079633]
 [ 0.3        -0.15        1.57079633]
 [ 0.3         0.          1.57079633]
 [ 0.3         0.15        1.57079633]
 [ 0.3         0.3         1.57079633]
 [ 0.3         0.45        1.57079633]
 [ 0.3         0.6         1.57079633]
 [ 0.3         0.75        1.57079633]
 [ 0.3         0.9         1.57079633]
 [ 0.45        1.05        1.57079633]
 [ 0.6         1.05        1.57079633]
 [ 0.75        1.05        1.57079633]
 [ 0.9         1.05        1.57079633]
 [ 1.05        1.05        1.57079633]
 [ 1.2         1.05        1.57079633]
 [ 1.35        0.9         1.57079633]
 [ 1.5         0.75        1.57079633]
 [ 1.65        0.6         1.57079633]
 [ 1.8         0.45        1.57079633]
 [ 1.8         0.3         1.57079633]
 [ 1.8         0.15        1.57079633]
 [ 1.95        0.          1.57079633]
 [ 1.95       -0.15        1.57079633]
 [ 2.1        -0.3         1.57079633]
 [ 2.1        -0.45        1.57079633]
 [ 2.25       -0.6         1.57079633]
 [ 2.25       -0.75        1.57079633]
 [ 2.4        -0.9         1.57079633]
 [ 2.4        -1.05        0.        ]
 [ 2.55       -1.2         0.        ]
 [ 2.6        -1.3        -1.57079633]]
Odometry: 
[[0.46364761 0.1118034  5.8195377 ]
 [0.         0.15       0.        ]
 [0.         0.15       0.        ]
 [0.         0.15       0.        ]
 [0.         0.15       0.        ]
 [0.         0.15       0.        ]
 [0.         0.15       0.        ]
 [0.         0.15       0.        ]
 [0.         0.15       0.        ]
 [0.         0.15       0.        ]
 [0.         0.15       0.        ]
 [0.         0.15       0.        ]
 [0.         0.15       0.        ]
 [0.         0.15       0.        ]
 [0.         0.15       0.        ]
 [0.         0.15       0.        ]
 [0.         0.15       0.        ]
 [0.         0.15       0.        ]
 [0.78539816 0.21213203 5.49778714]
 [0.78539816 0.21213203 5.49778714]
 [0.78539816 0.21213203 5.49778714]
 [0.78539816 0.21213203 5.49778714]
 [0.78539816 0.21213203 5.49778714]
 [0.78539816 0.21213203 5.49778714]
 [0.78539816 0.21213203 0.78539816]
 [0.         0.15       0.        ]
 [0.         0.15       0.        ]
 [0.         0.15       0.        ]
 [0.         0.15       0.        ]
 [0.         0.15       0.        ]
 [0.         0.15       0.        ]
 [0.         0.15       0.        ]
 [0.         0.15       0.        ]
 [5.49778714 0.21213203 0.78539816]
 [4.71238898 0.15       1.57079633]
 [4.71238898 0.15       1.57079633]
 [4.71238898 0.15       1.57079633]
 [4.71238898 0.15       1.57079633]
 [4.71238898 0.15       1.57079633]
 [3.92699082 0.21213203 2.35619449]
 [3.92699082 0.21213203 2.35619449]
 [3.92699082 0.21213203 2.35619449]
 [3.92699082 0.21213203 2.35619449]
 [3.14159265 0.15       3.14159265]
 [3.14159265 0.15       3.14159265]
 [3.92699082 0.21213203 2.35619449]
 [3.14159265 0.15       3.14159265]
 [3.92699082 0.21213203 2.35619449]
 [3.14159265 0.15       3.14159265]
 [3.92699082 0.21213203 2.35619449]
 [3.14159265 0.15       3.14159265]
 [3.92699082 0.21213203 2.35619449]
 [3.14159265 0.15       1.57079633]
 [5.49778714 0.21213203 0.78539816]
 [5.17603659 0.1118034  5.8195377 ]]
