Environment: data/pr2test2.env.xml
Num Landmarks: 8
Landmarks: 
[[ 3 -3  0  0 -3  3 -3  3]
 [ 0  0  2 -2  2  2 -2 -2]]
Alphas: 
6.25e-08 6.25e-06 6.25e-06 6.25e-06 
Sensor Noise Variance: 0.04000000000000001
Initial Covariance: 
[[0.001 0.    0.   ]
 [0.    0.001 0.   ]
 [0.    0.    0.001]]
---------------------------------
NumSimulations: 2
Num Particles: 10000
Simulation Times: 
[2389.346264, 2353.959338]
Collision Proportions: 
[0.8825, 0.9293]
Average Sim Time: 2371.652801
Average Prob Collision: 0.9058999999999999
---------------------------------
Trajectory: 
[[-3.4        -1.4        -0.        ]
 [-3.3        -1.35        0.        ]
 [-3.15       -1.35        0.        ]
 [-3.         -1.35        0.        ]
 [-2.85       -1.35        0.        ]
 [-2.7        -1.35        0.        ]
 [-2.55       -1.35        0.        ]
 [-2.4        -1.35        0.        ]
 [-2.25       -1.35        0.        ]
 [-2.1        -1.35        0.        ]
 [-1.95       -1.35        0.        ]
 [-1.8        -1.35        0.        ]
 [-1.65       -1.35        0.        ]
 [-1.5        -1.35        0.        ]
 [-1.35       -1.35        0.        ]
 [-1.2        -1.35        0.        ]
 [-1.05       -1.35        0.        ]
 [-0.9        -1.35        0.        ]
 [-0.75       -1.35        0.        ]
 [-0.6        -1.2         0.        ]
 [-0.45       -1.05        0.        ]
 [-0.3        -0.9         0.        ]
 [-0.15       -0.75        0.        ]
 [ 0.         -0.6         0.        ]
 [ 0.15       -0.45        0.        ]
 [ 0.3        -0.3         1.57079633]
 [ 0.3        -0.15        1.57079633]
 [ 0.3         0.          1.57079633]
 [ 0.3         0.15        1.57079633]
 [ 0.3         0.3         1.57079633]
 [ 0.3         0.45        1.57079633]
 [ 0.3         0.6         1.57079633]
 [ 0.3         0.75        1.57079633]
 [ 0.3         0.9         1.57079633]
 [ 0.45        1.05        1.57079633]
 [ 0.6         1.05        1.57079633]
 [ 0.75        1.05        1.57079633]
 [ 0.9         1.05        1.57079633]
 [ 1.05        1.05        1.57079633]
 [ 1.2         1.05        1.57079633]
 [ 1.35        0.9         1.57079633]
 [ 1.5         0.75        1.57079633]
 [ 1.65        0.6         1.57079633]
 [ 1.8         0.45        1.57079633]
 [ 1.8         0.3         1.57079633]
 [ 1.8         0.15        1.57079633]
 [ 1.95        0.          1.57079633]
 [ 1.95       -0.15        1.57079633]
 [ 2.1        -0.3         1.57079633]
 [ 2.1        -0.45        1.57079633]
 [ 2.25       -0.6         1.57079633]
 [ 2.25       -0.75        1.57079633]
 [ 2.4        -0.9         1.57079633]
 [ 2.4        -1.05        0.        ]
 [ 2.55       -1.2         0.        ]
 [ 2.6        -1.3        -1.57079633]]
Odometry: 
[[0.46364761 0.1118034  5.8195377 ]
 [0.         0.15       0.        ]
 [0.         0.15       0.        ]
 [0.         0.15       0.        ]
 [0.         0.15       0.        ]
 [0.         0.15       0.        ]
 [0.         0.15       0.        ]
 [0.         0.15       0.        ]
 [0.         0.15       0.        ]
 [0.         0.15       0.        ]
 [0.         0.15       0.        ]
 [0.         0.15       0.        ]
 [0.         0.15       0.        ]
 [0.         0.15       0.        ]
 [0.         0.15       0.        ]
 [0.         0.15       0.        ]
 [0.         0.15       0.        ]
 [0.         0.15       0.        ]
 [0.78539816 0.21213203 5.49778714]
 [0.78539816 0.21213203 5.49778714]
 [0.78539816 0.21213203 5.49778714]
 [0.78539816 0.21213203 5.49778714]
 [0.78539816 0.21213203 5.49778714]
 [0.78539816 0.21213203 5.49778714]
 [0.78539816 0.21213203 0.78539816]
 [0.         0.15       0.        ]
 [0.         0.15       0.        ]
 [0.         0.15       0.        ]
 [0.         0.15       0.        ]
 [0.         0.15       0.        ]
 [0.         0.15       0.        ]
 [0.         0.15       0.        ]
 [0.         0.15       0.        ]
 [5.49778714 0.21213203 0.78539816]
 [4.71238898 0.15       1.57079633]
 [4.71238898 0.15       1.57079633]
 [4.71238898 0.15       1.57079633]
 [4.71238898 0.15       1.57079633]
 [4.71238898 0.15       1.57079633]
 [3.92699082 0.21213203 2.35619449]
 [3.92699082 0.21213203 2.35619449]
 [3.92699082 0.21213203 2.35619449]
 [3.92699082 0.21213203 2.35619449]
 [3.14159265 0.15       3.14159265]
 [3.14159265 0.15       3.14159265]
 [3.92699082 0.21213203 2.35619449]
 [3.14159265 0.15       3.14159265]
 [3.92699082 0.21213203 2.35619449]
 [3.14159265 0.15       3.14159265]
 [3.92699082 0.21213203 2.35619449]
 [3.14159265 0.15       3.14159265]
 [3.92699082 0.21213203 2.35619449]
 [3.14159265 0.15       1.57079633]
 [5.49778714 0.21213203 0.78539816]
 [5.17603659 0.1118034  5.8195377 ]]
