Environment: data/pr2test2.env.xml
Num Landmarks: 8
Landmarks: 
[[ 3 -3  0  0 -3  3 -3  3]
 [ 0  0  2 -2  2  2 -2 -2]]
Alphas: 
6.25e-08 6.25e-06 6.25e-06 6.25e-06 
Sensor Noise Variance: 0.04000000000000001
Initial Covariance: 
[[0.001 0.    0.   ]
 [0.    0.001 0.   ]
 [0.    0.    0.001]]
---------------------------------
NumSimulations: 200
Num Samples: 10000
Num Gaussians: 2
Simulation Times: 
[99.347778, 100.78985700000001, 102.211645, 99.21460400000001, 99.17565100000002, 98.73636499999998, 99.08409599999993, 98.84791800000005, 98.40761199999997, 97.26850999999999, 68.69047, 68.98409199999992, 68.90574399999991, 68.83621900000003, 68.95609999999988, 78.90193, 99.72228900000005, 99.8708680000002, 99.634499, 99.88245400000005, 99.5933869999999, 100.18354, 99.57977800000026, 82.14460999999983, 68.98098000000027, 69.05414400000018, 68.83963699999958, 68.95423099999971, 68.79901000000018, 69.1348539999999, 69.09624399999984, 68.87988700000005, 68.98396900000034, 68.65893300000016, 69.03433099999984, 68.73583400000007, 68.99838999999974, 68.94268000000011, 69.0631229999999, 68.86510300000009, 68.92643700000008, 69.30270299999984, 68.82974400000012, 69.13925400000016, 68.89285999999993, 69.10096000000021, 69.08014700000012, 69.0765349999997, 69.50675600000022, 68.94871599999988, 69.20149500000025, 68.84160699999984, 69.12681099999918, 69.02571699999953, 69.0059510000001, 69.16921600000023, 68.79244199999994, 68.87891599999966, 68.67725000000064, 68.85732000000007, 68.93417700000009, 68.8606319999999, 68.94998899999973, 68.91611900000044, 68.99206200000026, 68.83576100000028, 69.00648300000012, 68.97161400000005, 68.92308800000046, 69.13424299999951, 68.74246199999925, 68.95742599999994, 68.67755500000021, 68.947811, 68.80757199999971, 69.03843500000039, 68.90092499999992, 68.73420100000021, 69.3414670000002, 68.75891600000068, 69.00188400000025, 68.73143400000026, 68.82287199999973, 69.071774, 68.79426799999965, 68.89397000000008, 68.7356120000004, 68.92044499999975, 68.7875839999997, 69.1586870000001, 69.0826820000002, 69.14144800000031, 69.05176800000027, 68.81783499999983, 69.05690800000048, 68.91428600000017, 69.04590900000039, 68.91709300000002, 69.01383699999951, 69.36335099999997, 68.86662799999976, 68.96663199999966, 68.86358999999993, 69.09704899999997, 68.79432999999972, 68.91521099999954, 68.88699199999974, 68.86507299999994, 69.52821500000027, 69.01906699999927, 69.07978300000013, 69.1085949999997, 69.00511300000107, 69.15365500000007, 68.98240500000065, 68.99401000000034, 68.89066599999933, 69.01617500000066, 68.8138600000002, 69.07450400000016, 68.87856099999954, 68.79763900000034, 69.08912600000076, 68.93901199999891, 69.09981000000153, 68.8519809999998, 68.97194600000148, 68.881797, 68.81297499999891, 69.08778899999925, 68.76279700000123, 68.87554400000045, 68.96128900000076, 69.01079899999968, 68.68650300000081, 69.07901999999922, 69.1283800000001, 68.80692099999942, 68.9334859999999, 68.64568500000132, 69.50968699999976, 68.80528400000003, 68.8956509999989, 68.9483710000004, 68.71245199999976, 68.90854600000057, 68.83426300000065, 69.16689399999996, 68.69620399999985, 68.85690799999975, 69.20097099999839, 68.8064489999997, 68.98111400000016, 68.82706300000063, 68.7630109999991, 68.66330199999902, 68.88260700000137, 68.96933899999931, 69.15666600000077, 69.08500900000035, 68.81261599999925, 69.0497890000006, 68.61103600000024, 68.8885309999987, 68.8741489999993, 68.9378969999998, 68.95176900000115, 68.78517900000043, 68.75078700000086, 68.91964300000109, 69.08473000000049, 68.80233699999917, 68.9964089999994, 68.88086600000133, 70.50657200000023, 69.04065199999968, 70.3033059999998, 69.26757200000065, 68.86853100000008, 69.05651300000136, 69.36054200000035, 68.91729900000064, 69.0587660000001, 68.83393799999976, 68.89400899999964, 68.74369099999967, 68.92645799999991, 68.83616799999982, 68.72148500000003, 69.0307499999999, 68.88983300000109, 69.09242699999959, 68.85372600000119, 68.79786899999999, 68.77224999999999, 68.9491339999986, 68.85616400000072, 68.8143940000009, 68.9608160000007, 68.78372600000148]
Collision Proportions: 
[0.733395490839484, 0.7293646770188684, 0.5882692976148256, 0.6458091193459174, 0.6074538227426822, 0.5783779849238404, 0.6396559569102862, 0.5859742454202987, 0.6579336354921879, 0.6165544632347475, 0.7386248818755459, 0.622967279877271, 0.6748579034823621, 0.5891577978033257, 0.6433642442621977, 0.5907019528334104, 0.550651155698213, 0.6445551486015693, 0.6633017518327637, 0.5221590209430896, 0.7192313586020993, 0.6155805234936649, 0.5768964601310954, 0.6155301442461795, 0.5837000163318036, 0.6095494896023643, 0.6305400856739087, 0.7395022812021826, 0.644459698064259, 0.640407757153902, 0.5837197840987104, 0.6668227719507162, 0.5890609328795207, 0.6816545357725815, 0.6249798227421561, 0.6842175966017461, 0.5677401250622026, 0.5731650609759316, 0.7413776356679923, 0.768015956472428, 0.6645465728174724, 0.6062103859552436, 0.6949760219997665, 0.6177822375837764, 0.638809402736391, 0.5554234909568448, 0.6459158192888258, 0.5716083063589972, 0.711565083854304, 0.7134900045301386, 0.6618127422727735, 0.6259993476485284, 0.5489779066107054, 0.6080314696235956, 0.6462903828427038, 0.670094266477534, 0.708117930748299, 0.6949320606333527, 0.727151532611314, 0.7107144240871969, 0.6419934631654483, 0.5835667554855788, 0.5595973458228476, 0.652396781222085, 0.5916803485655957, 0.6604852487329766, 0.6309099159612578, 0.5652241100474122, 0.6388271813898079, 0.5968068338874576, 0.5903859378799126, 0.635658842955712, 0.7639160207509152, 0.6919467218677195, 0.5982320633276679, 0.6147431306745366, 0.5784560301715511, 0.8357260018659096, 0.6379643659841727, 0.6118364390714504, 0.6992915270409045, 0.716049315916642, 0.7329971855098598, 0.6041799328621091, 0.7005344560438527, 0.6315588955870879, 0.7050817247783818, 0.6482323871453617, 0.5798871007934876, 0.8982947976422138, 0.5619473044959528, 0.6143319404520892, 0.7702651904578393, 0.7714360665406587, 0.7436874448865176, 0.7132363361205372, 0.5552346558632852, 0.6280632582891839, 0.7018847055273396, 0.6761195917797815, 0.5632885004357686, 0.5103822387181816, 0.6411235433982596, 0.5337152872737303, 0.657151579736572, 0.7597128380758055, 0.7266002397583353, 0.5820415535136718, 0.5876123358228911, 0.7090295411682731, 0.6066093700688917, 0.6273481008928776, 0.6468599189047739, 0.5857099856847489, 0.5230699044722362, 0.7327832001838361, 0.6957865392013174, 0.7095112381162298, 0.7736811601308604, 0.5864491566000583, 0.6763522396212291, 0.6921167595524502, 0.6394870892773423, 0.7406011663738912, 0.6393529074471782, 0.7926898128987417, 0.6770681615205489, 0.5321801780313067, 0.6502649297181616, 0.6573258496145399, 0.5433351247246867, 0.6311426331254776, 0.704628902974781, 0.7440719368142427, 0.6321519399201455, 0.5347944690188668, 0.4983110431640639, 0.5595753665657689, 0.624658821461929, 0.776467172056569, 0.6483360759610266, 0.522175872653257, 0.579407284721053, 0.6032843749795492, 0.6016185877236603, 0.7482525043847105, 0.6623415882208594, 0.6026378229553253, 0.6772145763209252, 0.7145724883535667, 0.6540707265483742, 0.5847855601190082, 0.6680730432413555, 0.6579240149198421, 0.681984380381907, 0.7317436486556927, 0.5920720857743516, 0.6544120809751053, 0.6393996687054404, 0.5664616177098674, 0.5619427778677819, 0.5322765712147108, 0.658939568224479, 0.6656709546959447, 0.5396388494995636, 0.7907306189429364, 0.5665239123403316, 0.5980122843673026, 0.7390672122756199, 0.604948621723504, 0.5781226562403234, 0.5523021619316371, 0.477046849800456, 0.5772870318109364, 0.5711836260155205, 0.6418062394906926, 0.5941790072224677, 0.5683575912274015, 0.6002612391032962, 0.5423296116896692, 0.5527179121400969, 0.6075857868835551, 0.5509639766712331, 0.6530498832466365, 0.6098366339893531, 0.7432129049989189, 0.7087149752811543, 0.7365512307762813, 0.6077471720032196, 0.6120841684032676, 0.5685141950635433, 0.5926885894364493, 0.5979030673978494, 0.6628294324920371, 0.6806045895042767, 0.5971770034507369, 0.609218259059604, 0.6269857796325476, 0.6630992212069856, 0.5873245553330142]
Average Sim Time: 71.67250760500006
Average Prob Collision: 0.6392982303783933
---------------------------------
Trajectory: 
[[-3.4        -1.4        -0.        ]
 [-3.3        -1.35        0.        ]
 [-3.15       -1.35        0.        ]
 [-3.         -1.35        0.        ]
 [-2.85       -1.35        0.        ]
 [-2.7        -1.35        0.        ]
 [-2.55       -1.35        0.        ]
 [-2.4        -1.35        0.        ]
 [-2.25       -1.35        0.        ]
 [-2.1        -1.35        0.        ]
 [-1.95       -1.35        0.        ]
 [-1.8        -1.35        0.        ]
 [-1.65       -1.35        0.        ]
 [-1.5        -1.35        0.        ]
 [-1.35       -1.35        0.        ]
 [-1.2        -1.35        0.        ]
 [-1.05       -1.35        0.        ]
 [-0.9        -1.35        0.        ]
 [-0.75       -1.35        0.        ]
 [-0.6        -1.2         0.        ]
 [-0.45       -1.05        0.        ]
 [-0.3        -0.9         0.        ]
 [-0.15       -0.75        0.        ]
 [ 0.         -0.6         0.        ]
 [ 0.15       -0.45        0.        ]
 [ 0.3        -0.3         1.57079633]
 [ 0.3        -0.15        1.57079633]
 [ 0.3         0.          1.57079633]
 [ 0.3         0.15        1.57079633]
 [ 0.3         0.3         1.57079633]
 [ 0.3         0.45        1.57079633]
 [ 0.3         0.6         1.57079633]
 [ 0.3         0.75        1.57079633]
 [ 0.3         0.9         1.57079633]
 [ 0.45        1.05        1.57079633]
 [ 0.6         1.05        1.57079633]
 [ 0.75        1.05        1.57079633]
 [ 0.9         1.05        1.57079633]
 [ 1.05        1.05        1.57079633]
 [ 1.2         1.05        1.57079633]
 [ 1.35        0.9         1.57079633]
 [ 1.5         0.75        1.57079633]
 [ 1.65        0.6         1.57079633]
 [ 1.8         0.45        1.57079633]
 [ 1.8         0.3         1.57079633]
 [ 1.8         0.15        1.57079633]
 [ 1.95        0.          1.57079633]
 [ 1.95       -0.15        1.57079633]
 [ 2.1        -0.3         1.57079633]
 [ 2.1        -0.45        1.57079633]
 [ 2.25       -0.6         1.57079633]
 [ 2.25       -0.75        1.57079633]
 [ 2.4        -0.9         1.57079633]
 [ 2.4        -1.05        0.        ]
 [ 2.55       -1.2         0.        ]
 [ 2.6        -1.3        -1.57079633]]
Odometry: 
[[0.46364761 0.1118034  5.8195377 ]
 [0.         0.15       0.        ]
 [0.         0.15       0.        ]
 [0.         0.15       0.        ]
 [0.         0.15       0.        ]
 [0.         0.15       0.        ]
 [0.         0.15       0.        ]
 [0.         0.15       0.        ]
 [0.         0.15       0.        ]
 [0.         0.15       0.        ]
 [0.         0.15       0.        ]
 [0.         0.15       0.        ]
 [0.         0.15       0.        ]
 [0.         0.15       0.        ]
 [0.         0.15       0.        ]
 [0.         0.15       0.        ]
 [0.         0.15       0.        ]
 [0.         0.15       0.        ]
 [0.78539816 0.21213203 5.49778714]
 [0.78539816 0.21213203 5.49778714]
 [0.78539816 0.21213203 5.49778714]
 [0.78539816 0.21213203 5.49778714]
 [0.78539816 0.21213203 5.49778714]
 [0.78539816 0.21213203 5.49778714]
 [0.78539816 0.21213203 0.78539816]
 [0.         0.15       0.        ]
 [0.         0.15       0.        ]
 [0.         0.15       0.        ]
 [0.         0.15       0.        ]
 [0.         0.15       0.        ]
 [0.         0.15       0.        ]
 [0.         0.15       0.        ]
 [0.         0.15       0.        ]
 [5.49778714 0.21213203 0.78539816]
 [4.71238898 0.15       1.57079633]
 [4.71238898 0.15       1.57079633]
 [4.71238898 0.15       1.57079633]
 [4.71238898 0.15       1.57079633]
 [4.71238898 0.15       1.57079633]
 [3.92699082 0.21213203 2.35619449]
 [3.92699082 0.21213203 2.35619449]
 [3.92699082 0.21213203 2.35619449]
 [3.92699082 0.21213203 2.35619449]
 [3.14159265 0.15       3.14159265]
 [3.14159265 0.15       3.14159265]
 [3.92699082 0.21213203 2.35619449]
 [3.14159265 0.15       3.14159265]
 [3.92699082 0.21213203 2.35619449]
 [3.14159265 0.15       3.14159265]
 [3.92699082 0.21213203 2.35619449]
 [3.14159265 0.15       3.14159265]
 [3.92699082 0.21213203 2.35619449]
 [3.14159265 0.15       1.57079633]
 [5.49778714 0.21213203 0.78539816]
 [5.17603659 0.1118034  5.8195377 ]]
