Environment: data/pr2test2.env.xml
Num Landmarks: 8
Landmarks: 
[[ 3 -3  0  0 -3  3 -3  3]
 [ 0  0  2 -2  2  2 -2 -2]]
Alphas: 
6.25e-08 6.25e-06 6.25e-06 6.25e-06 
Sensor Noise Variance: 0.04000000000000001
Initial Covariance: 
[[0.001 0.    0.   ]
 [0.    0.001 0.   ]
 [0.    0.    0.001]]
---------------------------------
NumSimulations: 200
Num Samples: 10000
Num Gaussians: 3
Simulation Times: 
[99.050693, 98.624337, 98.61176799999998, 99.16441000000003, 96.59582, 78.08675699999998, 74.75082599999996, 71.61652000000004, 71.03932799999995, 69.76638000000003, 68.99525399999993, 69.23598500000003, 69.05240600000013, 69.24763199999984, 69.26100399999996, 69.17909600000007, 70.31250999999997, 70.77543100000003, 70.36945700000001, 69.80104700000015, 69.89124900000002, 70.49851599999988, 69.40145000000007, 71.31215699999984, 68.97054099999991, 72.36262699999997, 69.8477190000001, 69.22997899999973, 69.0190990000001, 69.1268399999999, 69.30877299999975, 69.00189599999976, 68.95746300000019, 69.02828399999999, 69.0370439999997, 69.86655599999995, 78.51038000000017, 88.371083, 80.96129000000019, 89.4178780000002, 82.5020999999997, 87.7954579999996, 79.57969200000025, 91.44236200000023, 70.41222199999993, 69.90179900000021, 71.68244099999993, 70.96817999999985, 70.21817199999987, 70.34565399999974, 71.816687, 70.0187119999996, 69.65994600000022, 70.47259600000007, 71.5939059999996, 70.69615999999951, 71.99425700000029, 70.88613700000042, 71.744506, 69.95850800000062, 70.61574500000006, 70.15405999999984, 72.34714299999996, 70.64053200000035, 70.92180499999995, 70.79193299999952, 71.34922299999926, 70.24395900000036, 71.14927799999987, 69.93809399999918, 70.46215699999993, 70.71567700000014, 69.91685799999959, 70.18419100000028, 70.04692100000011, 70.73082299999987, 73.10709000000043, 71.46151199999986, 71.44881299999997, 70.32066200000008, 71.94120999999996, 70.2731219999996, 70.25627499999973, 71.12047000000075, 70.62824600000022, 72.43879300000026, 71.86243800000011, 70.41311699999915, 72.82295499999964, 69.1554010000009, 69.20867499999986, 69.62129000000004, 71.03904599999987, 70.56103299999995, 70.59925300000032, 70.4655560000001, 70.54323899999963, 71.31097399999999, 72.36651600000005, 72.50324200000068, 91.65327999999954, 86.8583349999999, 69.12183300000015, 71.08591399999932, 71.7377890000007, 71.52310399999988, 71.04654500000015, 71.79267900000013, 74.18376799999987, 71.1219600000004, 71.08493400000043, 70.9334970000009, 70.13937499999884, 70.13946100000067, 70.34204599999975, 70.60282000000007, 70.65462900000057, 70.57441500000095, 70.32725599999867, 69.67123600000014, 71.09670000000006, 70.44245599999886, 70.46761900000092, 70.28321700000015, 69.28401400000075, 74.45515700000033, 71.80826800000068, 71.20178500000111, 69.95150199999989, 72.07426600000144, 72.13749499999903, 71.06824099999903, 72.25596100000075, 70.57509199999913, 68.99682500000017, 72.69361700000081, 71.50238899999931, 71.21226500000012, 80.6536329999999, 75.96134600000005, 71.00384599999961, 72.2133130000002, 74.17248300000028, 69.65739799999938, 71.71479999999974, 72.01309700000093, 71.47291999999834, 70.64730300000156, 73.0648199999996, 72.36502899999869, 71.45760599999994, 85.01432000000023, 71.87616999999955, 71.7698419999997, 72.71825699999863, 70.89472800000112, 77.15482999999949, 75.50792600000023, 71.658727, 70.42433600000004, 70.96683099999973, 70.51784000000043, 72.08339899999919, 70.6171200000008, 70.39974799999982, 70.68949000000066, 70.03786899999977, 75.6267599999992, 73.22719599999982, 78.2292350000007, 75.38561600000139, 73.35467400000016, 72.48109499999919, 71.95501899999908, 81.230775, 73.87049000000115, 70.69724900000074, 70.59406599999966, 70.61714699999902, 70.36240100000032, 72.44488499999898, 72.7822640000013, 72.82730600000104, 71.59957300000133, 72.3840080000009, 71.78542300000117, 72.09567399999833, 73.5569660000001, 70.6252659999991, 73.7809870000001, 73.28089100000034, 69.95170700000017, 70.52972699999918, 70.57282599999962, 71.71367499999906, 73.19210899999962, 72.07730599999923, 70.61184399999911, 71.8862169999993, 72.86911099999998]
Collision Proportions: 
[0.6057066300216885, 0.5505695748261143, 0.6435826633219521, 0.6080125423344097, 0.9000815103850747, 0.6501259113204556, 0.5665563848880414, 0.7135896369560217, 0.6470102143197171, 0.6431123456748489, 0.6655666979186845, 0.5965946874181083, 0.6311523777227855, 0.6390992242945642, 0.7045510970479248, 0.6348131610781585, 0.617489496122213, 0.6101311242561047, 0.5836853597528108, 0.6302014123526298, 0.6710627266036555, 0.8329716014945294, 0.6572924410011136, 0.6042370741330028, 0.5300928676766883, 0.567808578949301, 0.6750975169592157, 0.5826787337122631, 0.6454562459006536, 0.6717509048354477, 0.6930388172276072, 0.7392632777847443, 0.7951952397018466, 0.6340033205715631, 0.6840359901613503, 0.673264977012568, 0.5649171175700575, 0.6467566451993102, 0.5545209458497548, 0.5895254770399221, 0.6396306720634621, 0.6090241402912919, 0.6146177733177431, 0.6270077561190627, 0.5529613127860571, 0.5326783433943343, 0.7066279158780424, 0.6165769758614166, 0.7282651057223548, 0.6737156012076947, 0.6288256302554087, 0.6259803558982893, 0.5844499141726649, 0.604702367009854, 0.7200454714287274, 0.6196594392026926, 0.585397437898027, 0.5584685281283064, 0.5492111048401997, 0.6034916308203921, 0.6064858496190957, 0.5989681858550169, 0.7055524365184886, 0.6561416498428245, 0.5901205257794548, 0.6335170953021945, 0.7265042424901047, 0.73977249255998, 0.6064440261899724, 0.6313526330395132, 0.5275962398556229, 0.6938941224485328, 0.626233237319411, 0.7219063664319896, 0.6444069554153096, 0.551579396069495, 0.5534533180921262, 0.598503551312226, 0.7676978548850577, 0.5960850894389362, 0.6420148371865595, 0.7687322528219419, 0.6167910896376014, 0.6069628980494625, 0.6056742455196369, 0.7228205522973985, 0.6699323183522939, 0.5733883015665256, 0.5839638145923602, 0.7353152583155842, 0.5552513158624907, 0.645732043132023, 0.6309790249845086, 0.5882440562263835, 0.65571342093423, 0.76290580611384, 0.6581441548075591, 0.6549376607960153, 0.6494611761272555, 0.6599143143112434, 0.6886296069037985, 0.7031066434126703, 0.6676216714836082, 0.5890501667487731, 0.6074344667303619, 0.5683595407284374, 0.6949997923420427, 0.6362999107307072, 0.5665004111543057, 0.6126321654334093, 0.7562809205029406, 0.5986197824863952, 0.7327044024480469, 0.6725019031111034, 0.718468107371079, 0.580557285281134, 0.73428434201052, 0.7167447049612029, 0.6329252018457633, 0.603598986963096, 0.6859672819488316, 0.5886611822616601, 0.7119506306501855, 0.6553700880492981, 0.82117671015997, 0.5768899326773147, 0.5034195844436882, 0.5953728222029553, 0.6044743898904048, 0.6601341851824061, 0.6698948807869076, 0.4931856952123128, 0.6308267249488502, 0.6351177095521237, 0.6939378023130416, 0.6986078485624372, 0.6890305400285073, 0.5817272577486817, 0.6001593617698028, 0.6867909287330585, 0.6106627798255582, 0.588305521671268, 0.5953910139195082, 0.5778763289968742, 0.6493545131867993, 0.6010046070146287, 0.74299653071741, 0.7786935948317965, 0.6319289831907492, 0.6354943026556248, 0.684122797275146, 0.5975723803490736, 0.680085978376503, 0.6667695390675976, 0.644326709402151, 0.6276076922619921, 0.6913171532141754, 0.5698979594547541, 0.6328346995323315, 0.8486653869934455, 0.5685996028094938, 0.5916899789725101, 0.5614965362591112, 0.6997344057333114, 0.5816717193736023, 0.6519995585369709, 0.6654081399692008, 0.651440830905615, 0.7006089670766549, 0.6776819286133426, 0.6200847895559434, 0.6314991756316055, 0.6284566151765434, 0.6825739602202697, 0.7051399363538804, 0.7248920362509794, 0.6436672216108277, 0.5697046056001644, 0.5956466255372499, 0.6665839415320558, 0.6671519400065269, 0.6351986435786626, 0.6571355392328937, 0.6148750320381786, 0.7412271998223364, 0.6009009498133269, 0.61939812656843, 0.6777040415273039, 0.78022648678327, 0.5344300190226958, 0.5466713028990449, 0.5973455920817444, 0.5959900401007623, 0.5568621379837732, 0.5525995089734774, 0.8976363721036495, 0.5552949039589028, 0.7462189394749588, 0.5482793484195385, 0.6159976402940005]
Average Sim Time: 72.790272835
Average Prob Collision: 0.642388411099526
---------------------------------
Trajectory: 
[[-3.4        -1.4        -0.        ]
 [-3.3        -1.35        0.        ]
 [-3.15       -1.35        0.        ]
 [-3.         -1.35        0.        ]
 [-2.85       -1.35        0.        ]
 [-2.7        -1.35        0.        ]
 [-2.55       -1.35        0.        ]
 [-2.4        -1.35        0.        ]
 [-2.25       -1.35        0.        ]
 [-2.1        -1.35        0.        ]
 [-1.95       -1.35        0.        ]
 [-1.8        -1.35        0.        ]
 [-1.65       -1.35        0.        ]
 [-1.5        -1.35        0.        ]
 [-1.35       -1.35        0.        ]
 [-1.2        -1.35        0.        ]
 [-1.05       -1.35        0.        ]
 [-0.9        -1.35        0.        ]
 [-0.75       -1.35        0.        ]
 [-0.6        -1.2         0.        ]
 [-0.45       -1.05        0.        ]
 [-0.3        -0.9         0.        ]
 [-0.15       -0.75        0.        ]
 [ 0.         -0.6         0.        ]
 [ 0.15       -0.45        0.        ]
 [ 0.3        -0.3         1.57079633]
 [ 0.3        -0.15        1.57079633]
 [ 0.3         0.          1.57079633]
 [ 0.3         0.15        1.57079633]
 [ 0.3         0.3         1.57079633]
 [ 0.3         0.45        1.57079633]
 [ 0.3         0.6         1.57079633]
 [ 0.3         0.75        1.57079633]
 [ 0.3         0.9         1.57079633]
 [ 0.45        1.05        1.57079633]
 [ 0.6         1.05        1.57079633]
 [ 0.75        1.05        1.57079633]
 [ 0.9         1.05        1.57079633]
 [ 1.05        1.05        1.57079633]
 [ 1.2         1.05        1.57079633]
 [ 1.35        0.9         1.57079633]
 [ 1.5         0.75        1.57079633]
 [ 1.65        0.6         1.57079633]
 [ 1.8         0.45        1.57079633]
 [ 1.8         0.3         1.57079633]
 [ 1.8         0.15        1.57079633]
 [ 1.95        0.          1.57079633]
 [ 1.95       -0.15        1.57079633]
 [ 2.1        -0.3         1.57079633]
 [ 2.1        -0.45        1.57079633]
 [ 2.25       -0.6         1.57079633]
 [ 2.25       -0.75        1.57079633]
 [ 2.4        -0.9         1.57079633]
 [ 2.4        -1.05        0.        ]
 [ 2.55       -1.2         0.        ]
 [ 2.6        -1.3        -1.57079633]]
Odometry: 
[[0.46364761 0.1118034  5.8195377 ]
 [0.         0.15       0.        ]
 [0.         0.15       0.        ]
 [0.         0.15       0.        ]
 [0.         0.15       0.        ]
 [0.         0.15       0.        ]
 [0.         0.15       0.        ]
 [0.         0.15       0.        ]
 [0.         0.15       0.        ]
 [0.         0.15       0.        ]
 [0.         0.15       0.        ]
 [0.         0.15       0.        ]
 [0.         0.15       0.        ]
 [0.         0.15       0.        ]
 [0.         0.15       0.        ]
 [0.         0.15       0.        ]
 [0.         0.15       0.        ]
 [0.         0.15       0.        ]
 [0.78539816 0.21213203 5.49778714]
 [0.78539816 0.21213203 5.49778714]
 [0.78539816 0.21213203 5.49778714]
 [0.78539816 0.21213203 5.49778714]
 [0.78539816 0.21213203 5.49778714]
 [0.78539816 0.21213203 5.49778714]
 [0.78539816 0.21213203 0.78539816]
 [0.         0.15       0.        ]
 [0.         0.15       0.        ]
 [0.         0.15       0.        ]
 [0.         0.15       0.        ]
 [0.         0.15       0.        ]
 [0.         0.15       0.        ]
 [0.         0.15       0.        ]
 [0.         0.15       0.        ]
 [5.49778714 0.21213203 0.78539816]
 [4.71238898 0.15       1.57079633]
 [4.71238898 0.15       1.57079633]
 [4.71238898 0.15       1.57079633]
 [4.71238898 0.15       1.57079633]
 [4.71238898 0.15       1.57079633]
 [3.92699082 0.21213203 2.35619449]
 [3.92699082 0.21213203 2.35619449]
 [3.92699082 0.21213203 2.35619449]
 [3.92699082 0.21213203 2.35619449]
 [3.14159265 0.15       3.14159265]
 [3.14159265 0.15       3.14159265]
 [3.92699082 0.21213203 2.35619449]
 [3.14159265 0.15       3.14159265]
 [3.92699082 0.21213203 2.35619449]
 [3.14159265 0.15       3.14159265]
 [3.92699082 0.21213203 2.35619449]
 [3.14159265 0.15       3.14159265]
 [3.92699082 0.21213203 2.35619449]
 [3.14159265 0.15       1.57079633]
 [5.49778714 0.21213203 0.78539816]
 [5.17603659 0.1118034  5.8195377 ]]
