Environment: data/pr2test2.env.xml
Num Landmarks: 8
Landmarks: 
[[ 3 -3  0  0 -3  3 -3  3]
 [ 0  0  2 -2  2  2 -2 -2]]
Alphas: 
6.25e-08 6.25e-06 6.25e-06 6.25e-06 
Sensor Noise Variance: 0.04000000000000001
Initial Covariance: 
[[0.001 0.    0.   ]
 [0.    0.001 0.   ]
 [0.    0.    0.001]]
---------------------------------
NumSimulations: 100
Num Particles: 10000
Simulation Times: 
[116.107944, 114.05044199999999, 114.27862200000001, 115.871981, 114.48582399999998, 107.28295800000001, 118.16940999999997, 113.55625400000008, 117.07298999999989, 121.55505400000015, 113.05066000000011, 112.54160100000013, 112.40316200000007, 109.4179029999998, 111.53971100000012, 111.39494200000013, 115.7005160000001, 112.15492700000027, 114.9632389999997, 115.55370500000026, 110.14782699999978, 109.35404700000026, 110.18119399999978, 115.31021099999998, 113.90177500000027, 109.330782, 110.10592200000019, 116.34871999999996, 113.27915900000016, 113.567137, 114.31670299999996, 114.03074699999979, 115.52693399999998, 114.68741299999965, 120.58789699999988, 117.11861399999998, 111.17692400000033, 115.49966399999994, 113.4446710000002, 113.00230800000008, 118.93959799999993, 113.32319599999937, 112.69491600000038, 116.06737900000007, 113.35557100000005, 112.43324100000063, 113.90286199999991, 115.44139799999994, 115.3876709999995, 111.78146600000036, 112.74178699999993, 111.36779300000035, 110.56527000000006, 112.80832999999984, 112.12084899999991, 116.17932099999962, 112.19364499999938, 112.11781100000007, 116.57160999999996, 109.98552400000062, 120.03616599999987, 118.00824499999999, 113.11806199999955, 110.25708699999996, 115.66504400000031, 111.43158399999993, 120.27632700000049, 113.48626400000012, 117.07791700000053, 110.26009599999998, 114.5081540000001, 117.35193100000015, 110.0320159999992, 114.95682500000112, 113.54001299999982, 103.65524000000005, 112.86482500000056, 113.36244699999952, 112.98798100000022, 114.5898189999989, 119.33002500000111, 118.01925200000005, 120.57006299999921, 106.00232599999981, 104.37834800000019, 107.40623499999856, 105.3388419999992, 109.14008100000137, 111.58023499999945, 106.51596699999936, 109.0368499999986, 107.31404499999917, 105.72663100000136, 104.60421299999871, 104.56230799999867, 107.65211499999896, 105.08505200000036, 104.61819300000025, 108.5184790000003, 105.07644900000014]
Collision Proportions: 
[0.9382, 0.9342, 0.9386, 0.9578, 0.8812, 0.9697, 0.9529, 0.9201, 0.9568, 0.9746, 0.8736, 0.9416, 0.9352, 0.8715, 0.9115, 0.9898, 0.8873, 0.8986, 0.876, 0.9127, 0.999, 0.9835, 0.8423, 0.9171, 0.8889, 0.9979, 0.9922, 0.9281, 0.9629, 0.9211, 0.9352, 0.961, 0.9153, 0.9457, 0.9804, 0.8606, 0.994, 0.9305, 0.9212, 0.9721, 0.9232, 0.9577, 0.9993, 0.9566, 0.8841, 0.9981, 0.9982, 0.9443, 0.8893, 0.9258, 0.8566, 0.9628, 0.9377, 0.9301, 0.9006, 0.8696, 0.9787, 0.9483, 0.8447, 0.9882, 0.9879, 0.8626, 0.9863, 0.9991, 0.9498, 0.9993, 0.9755, 0.9509, 0.9995, 0.9182, 0.922, 0.953, 0.9983, 0.9624, 0.9456, 0.9287, 0.9601, 0.8995, 0.9871, 0.8896, 0.9213, 0.9559, 0.9533, 0.9901, 0.9888, 0.9014, 0.994, 0.9862, 0.9135, 0.9529, 0.9491, 0.9468, 0.9368, 0.9095, 0.9016, 0.907, 0.8686, 0.9232, 0.9985, 0.9503]
Average Sim Time: 112.69991483999995
Average Prob Collision: 0.93989
---------------------------------
Trajectory: 
[[-3.4        -1.4        -0.        ]
 [-3.3        -1.35        0.        ]
 [-3.15       -1.35        0.        ]
 [-3.         -1.35        0.        ]
 [-2.85       -1.35        0.        ]
 [-2.7        -1.35        0.        ]
 [-2.55       -1.35        0.        ]
 [-2.4        -1.35        0.        ]
 [-2.25       -1.35        0.        ]
 [-2.1        -1.35        0.        ]
 [-1.95       -1.35        0.        ]
 [-1.8        -1.35        0.        ]
 [-1.65       -1.35        0.        ]
 [-1.5        -1.35        0.        ]
 [-1.35       -1.35        0.        ]
 [-1.2        -1.35        0.        ]
 [-1.05       -1.35        0.        ]
 [-0.9        -1.35        0.        ]
 [-0.75       -1.35        0.        ]
 [-0.6        -1.2         0.        ]
 [-0.45       -1.05        0.        ]
 [-0.3        -0.9         0.        ]
 [-0.15       -0.75        0.        ]
 [ 0.         -0.6         0.        ]
 [ 0.15       -0.45        0.        ]
 [ 0.3        -0.3         1.57079633]
 [ 0.3        -0.15        1.57079633]
 [ 0.3         0.          1.57079633]
 [ 0.3         0.15        1.57079633]
 [ 0.3         0.3         1.57079633]
 [ 0.3         0.45        1.57079633]
 [ 0.3         0.6         1.57079633]
 [ 0.3         0.75        1.57079633]
 [ 0.3         0.9         1.57079633]
 [ 0.45        1.05        1.57079633]
 [ 0.6         1.05        1.57079633]
 [ 0.75        1.05        1.57079633]
 [ 0.9         1.05        1.57079633]
 [ 1.05        1.05        1.57079633]
 [ 1.2         1.05        1.57079633]
 [ 1.35        0.9         1.57079633]
 [ 1.5         0.75        1.57079633]
 [ 1.65        0.6         1.57079633]
 [ 1.8         0.45        1.57079633]
 [ 1.8         0.3         1.57079633]
 [ 1.8         0.15        1.57079633]
 [ 1.95        0.          1.57079633]
 [ 1.95       -0.15        1.57079633]
 [ 2.1        -0.3         1.57079633]
 [ 2.1        -0.45        1.57079633]
 [ 2.25       -0.6         1.57079633]
 [ 2.25       -0.75        1.57079633]
 [ 2.4        -0.9         1.57079633]
 [ 2.4        -1.05        0.        ]
 [ 2.55       -1.2         0.        ]
 [ 2.6        -1.3        -1.57079633]]
Odometry: 
[[0.46364761 0.1118034  5.8195377 ]
 [0.         0.15       0.        ]
 [0.         0.15       0.        ]
 [0.         0.15       0.        ]
 [0.         0.15       0.        ]
 [0.         0.15       0.        ]
 [0.         0.15       0.        ]
 [0.         0.15       0.        ]
 [0.         0.15       0.        ]
 [0.         0.15       0.        ]
 [0.         0.15       0.        ]
 [0.         0.15       0.        ]
 [0.         0.15       0.        ]
 [0.         0.15       0.        ]
 [0.         0.15       0.        ]
 [0.         0.15       0.        ]
 [0.         0.15       0.        ]
 [0.         0.15       0.        ]
 [0.78539816 0.21213203 5.49778714]
 [0.78539816 0.21213203 5.49778714]
 [0.78539816 0.21213203 5.49778714]
 [0.78539816 0.21213203 5.49778714]
 [0.78539816 0.21213203 5.49778714]
 [0.78539816 0.21213203 5.49778714]
 [0.78539816 0.21213203 0.78539816]
 [0.         0.15       0.        ]
 [0.         0.15       0.        ]
 [0.         0.15       0.        ]
 [0.         0.15       0.        ]
 [0.         0.15       0.        ]
 [0.         0.15       0.        ]
 [0.         0.15       0.        ]
 [0.         0.15       0.        ]
 [5.49778714 0.21213203 0.78539816]
 [4.71238898 0.15       1.57079633]
 [4.71238898 0.15       1.57079633]
 [4.71238898 0.15       1.57079633]
 [4.71238898 0.15       1.57079633]
 [4.71238898 0.15       1.57079633]
 [3.92699082 0.21213203 2.35619449]
 [3.92699082 0.21213203 2.35619449]
 [3.92699082 0.21213203 2.35619449]
 [3.92699082 0.21213203 2.35619449]
 [3.14159265 0.15       3.14159265]
 [3.14159265 0.15       3.14159265]
 [3.92699082 0.21213203 2.35619449]
 [3.14159265 0.15       3.14159265]
 [3.92699082 0.21213203 2.35619449]
 [3.14159265 0.15       3.14159265]
 [3.92699082 0.21213203 2.35619449]
 [3.14159265 0.15       3.14159265]
 [3.92699082 0.21213203 2.35619449]
 [3.14159265 0.15       1.57079633]
 [5.49778714 0.21213203 0.78539816]
 [5.17603659 0.1118034  5.8195377 ]]
