Environment: data/pr2test2.env.xml
Num Landmarks: 8
Landmarks: 
[[ 3 -3  0  0 -3  3 -3  3]
 [ 0  0  2 -2  2  2 -2 -2]]
Alphas: 
6.25e-08 6.25e-06 6.25e-06 6.25e-06 
Sensor Noise Variance: 0.04000000000000001
Initial Covariance: 
[[0.001 0.    0.   ]
 [0.    0.001 0.   ]
 [0.    0.    0.001]]
---------------------------------
NumSimulations: 100
Num Particles: 10000
Simulation Times: 
[84.21752599999999, 81.732782, 84.739657, 81.590799, 84.87144999999998, 85.043365, 79.95531300000005, 84.12343500000009, 86.58228200000008, 82.66501700000003, 78.04774599999996, 79.26597600000002, 82.74463300000002, 80.79354400000011, 80.31825600000002, 77.57409899999993, 78.98872899999992, 84.38677600000005, 84.35891100000003, 80.38644900000008, 84.85110099999997, 87.058898, 79.03908200000001, 80.03185600000006, 81.03238299999998, 83.31910500000004, 86.87720999999965, 85.42179299999998, 83.31725600000027, 80.40366099999983, 84.0402009999998, 82.26492399999961, 78.58389199999965, 80.37044199999991, 81.39549999999963, 80.27334599999995, 84.19335200000023, 80.73682800000006, 81.86646999999994, 80.20704999999998, 84.35324499999979, 82.81538600000022, 82.57196900000008, 75.57776300000023, 85.59326800000008, 77.65002800000002, 78.53547200000003, 79.35728299999982, 78.7638149999998, 79.65955100000019, 76.72120499999983, 79.84677700000066, 84.98910100000012, 81.38028399999985, 82.86873999999989, 79.86063100000047, 81.20905700000003, 82.1921569999995, 79.63857000000007, 81.2956979999999, 93.2772589999995, 79.77819399999953, 83.72313100000065, 91.7261069999995, 84.08690300000035, 86.98671100000047, 80.51811500000076, 87.155307, 80.68902400000024, 81.26026699999966, 81.43277300000045, 82.13568700000087, 79.67893099999947, 87.40754300000026, 79.15004599999975, 84.96815400000014, 88.24344199999996, 90.49713500000053, 82.86075600000004, 85.13078000000041, 84.95723500000076, 81.8750170000003, 84.5000970000001, 83.29793699999937, 78.02408600000035, 81.45454999999947, 81.03741399999944, 80.69426899999962, 78.4211809999997, 80.04199299999982, 79.54427399999986, 82.63479700000062, 78.3515239999997, 76.63595799999985, 75.96800400000029, 78.40431600000011, 77.87340200000017, 76.803492, 78.55360999999994, 81.14589499999965]
Collision Proportions: 
[0.9052, 0.9999, 0.9497, 0.9947, 0.8758, 0.943, 0.9353, 0.9224, 0.9494, 0.9457, 0.9272, 0.9464, 0.964, 0.8917, 0.899, 0.9504, 0.8756, 0.9779, 0.9507, 0.9892, 0.9603, 0.9792, 0.8535, 0.9723, 0.9427, 0.9322, 0.9458, 0.9868, 0.9058, 0.9747, 0.9463, 0.8893, 0.868, 0.9543, 0.9356, 0.9549, 0.9128, 0.9311, 0.9242, 0.9083, 0.9246, 0.9313, 0.9137, 0.9907, 0.9902, 0.9412, 0.9518, 0.9007, 0.9591, 0.9684, 1.0, 0.9974, 0.9637, 0.9424, 0.8919, 0.8908, 0.9258, 0.9838, 0.9714, 0.9768, 0.9522, 0.853, 0.9311, 0.9622, 0.8917, 0.9052, 0.9724, 0.9181, 0.8851, 0.9277, 0.8865, 0.8776, 0.9365, 0.9233, 0.9068, 0.934, 0.8743, 0.9361, 0.8879, 0.9245, 0.9073, 0.8871, 0.8935, 0.8903, 0.9432, 0.9156, 0.9605, 0.8884, 0.9819, 0.8618, 0.8595, 0.9095, 0.8594, 0.8673, 0.9989, 0.8851, 0.9161, 0.9856, 0.8961, 0.8863]
Average Sim Time: 81.93476411
Average Prob Collision: 0.9296660000000001
---------------------------------
Trajectory: 
[[-3.4        -1.4        -0.        ]
 [-3.3        -1.35        0.        ]
 [-3.15       -1.35        0.        ]
 [-3.         -1.35        0.        ]
 [-2.85       -1.35        0.        ]
 [-2.7        -1.35        0.        ]
 [-2.55       -1.35        0.        ]
 [-2.4        -1.35        0.        ]
 [-2.25       -1.35        0.        ]
 [-2.1        -1.35        0.        ]
 [-1.95       -1.35        0.        ]
 [-1.8        -1.35        0.        ]
 [-1.65       -1.35        0.        ]
 [-1.5        -1.35        0.        ]
 [-1.35       -1.35        0.        ]
 [-1.2        -1.35        0.        ]
 [-1.05       -1.35        0.        ]
 [-0.9        -1.35        0.        ]
 [-0.75       -1.35        0.        ]
 [-0.6        -1.2         0.        ]
 [-0.45       -1.05        0.        ]
 [-0.3        -0.9         0.        ]
 [-0.15       -0.75        0.        ]
 [ 0.         -0.6         0.        ]
 [ 0.15       -0.45        0.        ]
 [ 0.3        -0.3         1.57079633]
 [ 0.3        -0.15        1.57079633]
 [ 0.3         0.          1.57079633]
 [ 0.3         0.15        1.57079633]
 [ 0.3         0.3         1.57079633]
 [ 0.3         0.45        1.57079633]
 [ 0.3         0.6         1.57079633]
 [ 0.3         0.75        1.57079633]
 [ 0.3         0.9         1.57079633]
 [ 0.45        1.05        1.57079633]
 [ 0.6         1.05        1.57079633]
 [ 0.75        1.05        1.57079633]
 [ 0.9         1.05        1.57079633]
 [ 1.05        1.05        1.57079633]
 [ 1.2         1.05        1.57079633]
 [ 1.35        0.9         1.57079633]
 [ 1.5         0.75        1.57079633]
 [ 1.65        0.6         1.57079633]
 [ 1.8         0.45        1.57079633]
 [ 1.8         0.3         1.57079633]
 [ 1.8         0.15        1.57079633]
 [ 1.95        0.          1.57079633]
 [ 1.95       -0.15        1.57079633]
 [ 2.1        -0.3         1.57079633]
 [ 2.1        -0.45        1.57079633]
 [ 2.25       -0.6         1.57079633]
 [ 2.25       -0.75        1.57079633]
 [ 2.4        -0.9         1.57079633]
 [ 2.4        -1.05        0.        ]
 [ 2.55       -1.2         0.        ]
 [ 2.6        -1.3        -1.57079633]]
Odometry: 
[[0.46364761 0.1118034  5.8195377 ]
 [0.         0.15       0.        ]
 [0.         0.15       0.        ]
 [0.         0.15       0.        ]
 [0.         0.15       0.        ]
 [0.         0.15       0.        ]
 [0.         0.15       0.        ]
 [0.         0.15       0.        ]
 [0.         0.15       0.        ]
 [0.         0.15       0.        ]
 [0.         0.15       0.        ]
 [0.         0.15       0.        ]
 [0.         0.15       0.        ]
 [0.         0.15       0.        ]
 [0.         0.15       0.        ]
 [0.         0.15       0.        ]
 [0.         0.15       0.        ]
 [0.         0.15       0.        ]
 [0.78539816 0.21213203 5.49778714]
 [0.78539816 0.21213203 5.49778714]
 [0.78539816 0.21213203 5.49778714]
 [0.78539816 0.21213203 5.49778714]
 [0.78539816 0.21213203 5.49778714]
 [0.78539816 0.21213203 5.49778714]
 [0.78539816 0.21213203 0.78539816]
 [0.         0.15       0.        ]
 [0.         0.15       0.        ]
 [0.         0.15       0.        ]
 [0.         0.15       0.        ]
 [0.         0.15       0.        ]
 [0.         0.15       0.        ]
 [0.         0.15       0.        ]
 [0.         0.15       0.        ]
 [5.49778714 0.21213203 0.78539816]
 [4.71238898 0.15       1.57079633]
 [4.71238898 0.15       1.57079633]
 [4.71238898 0.15       1.57079633]
 [4.71238898 0.15       1.57079633]
 [4.71238898 0.15       1.57079633]
 [3.92699082 0.21213203 2.35619449]
 [3.92699082 0.21213203 2.35619449]
 [3.92699082 0.21213203 2.35619449]
 [3.92699082 0.21213203 2.35619449]
 [3.14159265 0.15       3.14159265]
 [3.14159265 0.15       3.14159265]
 [3.92699082 0.21213203 2.35619449]
 [3.14159265 0.15       3.14159265]
 [3.92699082 0.21213203 2.35619449]
 [3.14159265 0.15       3.14159265]
 [3.92699082 0.21213203 2.35619449]
 [3.14159265 0.15       3.14159265]
 [3.92699082 0.21213203 2.35619449]
 [3.14159265 0.15       1.57079633]
 [5.49778714 0.21213203 0.78539816]
 [5.17603659 0.1118034  5.8195377 ]]
